anim={[0.36666667461395]={["Lm"]=CFrame.new(-0.12926966,-0.794271529,-0.429986715,0.0763523653,0.313270092,-0.946589828,-0.963551104,0.267308474,0.0107441945,0.256397337,0.91126734,0.322261304),["To"]=CFrame.new(-0.019364953,-0.0568285212,-0.0788936615,0.98271817,-0.129627198,0.132143185,0.133282915,0.990892649,-0.0191679131,-0.128455028,0.0364490896,0.991045296),["Ht"]=CFrame.new(0,0,0,1,0,0,0,1,0,0,0,1),["Rm"]=CFrame.new(0.0410794765,-0.228815913,-0.266371071,-0.20102933,-0.205379322,0.957813442,0.977712512,-0.10249947,0.18322733,0.0605443567,0.973300219,0.221407309),["Lg"]=CFrame.new(-0.855410755,0.505757272,0.0868616104,0.786738336,-0.582732856,0.203630015,0.496181309,0.793229759,0.352974176,-0.367215067,-0.176660866,0.913205504),["Rg"]=CFrame.new(0.22060442,0.0420995355,0.155774593,0.839797199,0.0068181972,-0.542857528,-0.0855628103,0.989086986,-0.119942345,0.536115408,0.14717558,0.831215799),["Hd"]=CFrame.new(6.14672899e-08,5.58793545e-09,0.0182943344,0.970268488,0.192113563,-0.147212192,-0.193892345,0.981020093,0.00230731349,0.14486137,0.0263045803,0.989102304)},[0.43333333730698]={["Lm"]=CFrame.new(-0.163552418,-0.748348534,-0.404612124,0.0383056737,0.283329934,-0.958257198,-0.967848718,0.249091879,0.0349604562,0.248599455,0.926108778,0.283762038),["To"]=CFrame.new(-0.0452469587,-0.129392028,-0.223187208,0.980578661,-0.140039027,0.137312606,0.153446585,0.983824015,-0.0924362466,-0.122146778,0.111711144,0.98620522),["Ht"]=CFrame.new(0,0,0,1,0,0,0,1,0,0,0,1),["Rm"]=CFrame.new(0.0482730195,-0.31772387,-0.233056068,-0.141239762,-0.202520072,0.969039202,0.984287977,-0.13350217,0.115561552,0.105965368,0.97013545,0.218193889),["Lg"]=CFrame.new(-0.62831527,1.06735384,-0.00717180967,0.971115649,-0.0472452827,0.233885109,0.00259790127,0.982236981,0.187627017,-0.238595143,-0.1815999,0.953988373),["Rg"]=CFrame.new(0.224683598,0.172527909,0.218907595,0.872230232,0.108542964,-0.476899326,-0.186015666,0.975409985,-0.118210629,0.452341408,0.191817552,0.870972693),["Hd"]=CFrame.new(1.11758709e-07,-3.25962901e-08,0.018294096,0.966995955,0.204176039,-0.152417481,-0.199364468,0.978827477,0.0463757515,0.158659235,-0.0144585399,0.987227559)},[0.73333334922791]={["Lm"]=CFrame.new(-0.110231645,-0.135712922,-0.280609727,0.0377922244,0.318957716,-0.947015285,-0.996858001,-0.0539846942,-0.0579634644,-0.0696121678,0.946230233,0.315915257),["To"]=CFrame.new(0.175041184,-0.00991062075,0.0118544102,0.99320823,0.0954377055,-0.0665513426,-0.0978384167,0.994628549,-0.0337916464,0.062968865,0.0400734246,0.997210622),["Ht"]=CFrame.new(0,0,0,1,0,0,0,1,0,0,0,1),["Rm"]=CFrame.new(0.0549170561,-0.501681387,-0.135749459,0.00558998575,-0.254537433,0.967046857,0.956723213,0.282728285,0.0688868165,-0.290945649,0.924811006,0.245102152),["Lg"]=CFrame.new(-0.1174924,-0.0790231228,0.0608025789,0.898801982,0.149419397,0.412102997,-0.128065273,0.988603652,-0.0791336894,-0.41923058,0.0183494221,0.907694399),["Rg"]=CFrame.new(0.213264987,0.391864181,-0.012630105,0.889127135,0.238804922,-0.390416652,-0.108529747,0.938756704,0.327043086,0.444605768,-0.248411059,0.860591471),["Hd"]=CFrame.new(5.86733222e-08,1.3038516e-08,0.0182938576,0.997934878,-0.035038989,0.0538362153,0.0351964869,0.999378502,-0.00197991496,-0.0537333973,0.00387066603,0.998547852)},[0.76666665077209]={["Lm"]=CFrame.new(-0.108985193,-0.110577673,-0.421402514,0.115453437,0.347016782,-0.930725515,-0.985570967,-0.0767377838,-0.150868103,-0.123775512,0.934714258,0.333149821),["To"]=CFrame.new(0.1998097,-0.0667714775,-0.106379032,0.98412466,0.14509289,-0.102209173,-0.154537946,0.983742118,-0.0914849639,0.0872736499,0.105827801,0.99054724),["Ht"]=CFrame.new(0,0,0,1,0,0,0,1,0,0,0,1),["Rm"]=CFrame.new(0.0867492408,-0.437689364,-0.365041494,0.120931298,-0.238495797,0.963584721,0.910887897,0.412472874,-0.0122270826,-0.394536376,0.879196107,0.267123759),["Lg"]=CFrame.new(-0.165567815,0.0122262836,0.128415346,0.90146625,0.00144650775,0.432847023,0.0541814081,0.991752207,-0.116154954,-0.429444969,0.128162041,0.893952787),["Rg"]=CFrame.new(0.519944191,0.721458197,0.106572032,0.830774009,0.198289931,-0.52009207,-0.126065508,0.977142453,0.171172693,0.542145908,-0.0766402334,0.836782038),["Hd"]=CFrame.new(5.40167093e-08,-7.17118382e-08,0.0182944536,0.990620136,-0.100549363,0.0925289392,0.0953485146,0.993692756,0.0590200163,-0.0978797674,-0.049643904,0.993959308)},[0.033333335071802]={["Lm"]=CFrame.new(-0.0978326574,-0.120961547,-0.446400404,0.110314675,0.368036747,-0.923244178,-0.977685094,-0.126909375,-0.167410001,-0.178781301,0.921109736,0.345823973),["To"]=CFrame.new(0.183764905,-0.07873559,-0.190404415,0.981403947,0.148065448,-0.122159503,-0.162525922,0.97957629,-0.118387692,0.102135427,0.136040226,0.985424519),["Ht"]=CFrame.new(0,0,0,1,0,0,0,1,0,0,0,1),["Rm"]=CFrame.new(0.0927938446,-0.454687268,-0.435505569,0.157329246,-0.232492238,0.959789038,0.900932372,0.431816012,-0.0430815592,-0.404436022,0.871482849,0.277396947),["Lg"]=CFrame.new(-0.217351571,0.0496551991,0.164783001,0.902733147,-0.0904686227,0.420581132,0.15556559,0.980128467,-0.123075724,-0.401089132,0.176532462,0.898868203),["Rg"]=CFrame.new(0.430805057,1.0864588,0.0332546234,0.792471707,0.0376740098,-0.608744085,0.012378389,0.996891439,0.0778101757,0.609783113,-0.0691976547,0.789541721),["Hd"]=CFrame.new(6.33299351e-08,6.79865479e-08,0.0182945728,0.986764252,-0.110525474,0.118661359,0.10162957,0.991713583,0.0785862952,-0.126363844,-0.0654866323,0.989820063)},[0.066666670143604]={["Lm"]=CFrame.new(-0.0305540934,-0.173571765,-0.311477602,0.117842257,0.369754881,-0.921626031,-0.983848333,-0.082458958,-0.158880547,-0.134743109,0.92546308,0.354065478),["To"]=CFrame.new(0.205344677,-0.0388238132,-0.0726354122,0.988388956,0.127888829,-0.0820475146,-0.136091769,0.985253513,-0.103704356,0.0675749704,0.113666229,0.991218269),["Ht"]=CFrame.new(0,0,0,1,0,0,0,1,0,0,0,1),["Rm"]=CFrame.new(0.0327822492,-0.421711594,-0.228242099,0.156112567,-0.238887802,0.958416164,0.917783797,0.393746138,-0.0513519496,-0.365105271,0.88763535,0.280716032),["Lg"]=CFrame.new(-0.115095347,-0.0163509846,0.0923937559,0.909269512,-0.112380937,0.400748849,0.145471826,0.987940848,-0.0530192032,-0.389957756,0.1065064,0.914652705),["Rg"]=CFrame.new(0.437505543,0.839780092,0.0782777071,0.792174518,-0.0513773747,-0.60812813,0.115936935,0.990973771,0.0673027039,0.599181175,-0.123820081,0.790980756),["Hd"]=CFrame.new(7.63684511e-08,-1.86264515e-08,0.0182944536,0.992811263,-0.084215574,0.0850501955,0.0799863413,0.995440185,0.0519722924,-0.0890392512,-0.0447958559,0.99502033)},[0.13333334028721]={["Lm"]=CFrame.new(0.0654140785,-0.339588463,0.0130472183,0.02479898,0.371867955,-0.927954495,-0.999445796,0.0298445746,-0.0147496015,0.0222095493,0.927805841,0.372401744),["To"]=CFrame.new(0.219057932,0.0201747939,0.0430839062,0.997131884,0.0721454993,0.0228745993,-0.0714032501,0.996941864,-0.031756904,-0.0250957664,0.0300324969,0.999233842),["Ht"]=CFrame.new(0,0,0,1,0,0,0,1,0,0,0,1),["Rm"]=CFrame.new(-0.0803150013,-0.309781194,0.190339208,0.0688349828,-0.258329272,0.96360153,0.962531805,0.271140367,0.00393061573,-0.262286514,0.927226484,0.267313987),["Lg"]=CFrame.new(0.211490348,0.0300606489,-0.0509259701,0.923888147,-0.158145323,0.348455042,0.110900693,0.982182264,0.151720241,-0.366240293,-0.101528622,0.924964905),["Rg"]=CFrame.new(0.171876013,0.180637836,0.0130540133,0.715627491,-0.273425251,-0.642741084,0.280334353,0.955264211,-0.0942500532,0.639757752,-0.112734467,0.760263801),["Hd"]=CFrame.new(5.15137799e-08,-4.65661287e-09,0.018294096,0.999662459,-0.0258221664,-0.00289127906,0.0257952791,0.999626935,-0.00897647534,0.00312198931,0.00889885705,0.999955595)},[0.10000000149012]={["Lm"]=CFrame.new(0.0409266353,-0.244901717,-0.12617588,0.101222701,0.370603561,-0.92325896,-0.993357122,-0.0134064034,-0.114289388,-0.0547335893,0.928694427,0.366784543),["To"]=CFrame.new(0.228447706,0.0050650239,0.0217370987,0.994458377,0.103706531,-0.0172487367,-0.104669221,0.992035568,-0.0700697228,0.00984467287,0.0714868307,0.997392952),["Ht"]=CFrame.new(0,0,0,1,0,0,0,1,0,0,0,1),["Rm"]=CFrame.new(-0.0443864241,-0.361910313,0.0535445213,0.134607449,-0.246345252,0.959789038,0.937773108,0.344565868,-0.0430815294,-0.320097476,0.905863285,0.277396977),["Lg"]=CFrame.new(0.119458556,-0.0172959566,-0.02073282,0.917980611,-0.0962186083,0.384777427,0.0785349458,0.995015502,0.0614522398,-0.388772398,-0.0261934493,0.92096138),["Rg"]=CFrame.new(0.314005733,0.435018301,0.0642391443,0.769118905,-0.180076778,-0.613211751,0.227716208,0.973727584,-0.000334055163,0.597161233,-0.139381289,0.789918542),["Hd"]=CFrame.new(8.14907253e-08,-1.86264515e-08,0.0182942152,0.998024344,-0.056084007,0.0283228308,0.0555291325,0.998256505,0.0200131331,-0.0293958746,-0.0184008442,0.99939847)},[0.20000000298023]={["Lm"]=CFrame.new(0.0859811902,-0.484936178,0.245650291,-0.127167642,0.383809328,-0.914614081,-0.98267585,0.0765849277,0.168769106,0.134820864,0.920231044,0.367420882),["To"]=CFrame.new(0.175828621,0.0227920413,0.00350952148,0.997816145,0.0316374563,0.0579827353,-0.0327767171,0.999285817,0.01880344,-0.0573464222,-0.0206628572,0.998140574),["Ht"]=CFrame.new(0,0,0,1,0,0,0,1,0,0,0,1),["Rm"]=CFrame.new(-0.103161186,-0.182044238,0.276870608,-0.0817057788,-0.258836985,0.962459147,0.983399689,0.13604486,0.120070383,-0.162016198,0.95629245,0.243424505),["Lg"]=CFrame.new(0.31614095,0.0896767974,-0.0617873073,0.915480196,-0.284893125,0.284133881,0.210925013,0.941157341,0.264071047,-0.342646688,-0.181820825,0.921701908),["Rg"]=CFrame.new(-0.0279654991,-0.128514409,-0.143317282,0.671759903,-0.414992303,-0.613612294,0.408808023,0.898468435,-0.160095572,0.617749691,-0.143303841,0.773207247),["Hd"]=CFrame.new(6.56582415e-08,-6.05359674e-09,0.0182943344,0.999036431,0.0112469234,-0.0424227044,-0.0129707046,0.999092102,-0.0405796506,0.0419277921,0.0410907976,0.998275399)},[0.40000000596046]={["Lm"]=CFrame.new(-0.146031871,-0.800381899,-0.487833142,0.0628319457,0.290185511,-0.95490551,-0.965517998,0.25987789,0.0154438894,0.252640456,0.92100805,0.296507895),["To"]=CFrame.new(-0.0496678948,-0.120067313,-0.178422689,0.97907728,-0.141264364,0.146465942,0.153192848,0.985452473,-0.0735889897,-0.133939728,0.0944868177,0.986474812),["Ht"]=CFrame.new(0,0,0,1,0,0,0,1,0,0,0,1),["Rm"]=CFrame.new(0.0584062338,-0.295890331,-0.308608532,-0.189947531,-0.194495246,0.96233654,0.974217951,-0.158873588,0.160183161,0.121735059,0.967951834,0.219658315),["Lg"]=CFrame.new(-0.834430695,0.896184802,0.0347268581,0.903429866,-0.363815039,0.226832867,0.305691689,0.9175753,0.254181445,-0.300611317,-0.16029413,0.940180123),["Rg"]=CFrame.new(0.239412248,0.120031834,0.212106466,0.869713783,0.0489530079,-0.491122842,-0.140144944,0.978605449,-0.150634989,0.473241448,0.19983758,0.857967138),["Hd"]=CFrame.new(4.47034836e-08,-1.67638063e-08,0.0182945728,0.965196908,0.201911211,-0.166213244,-0.200042307,0.979384661,0.0280875675,0.168457851,0.00613964908,0.985689819)},[0.80000001192093]={["Lm"]=CFrame.new(-0.108992338,-0.102858007,-0.47021544,0.142981261,0.357658237,-0.922841847,-0.979395092,-0.0832367763,-0.184002742,-0.142624438,0.930135727,0.33838734),["To"]=CFrame.new(0.207888782,-0.0930015445,-0.16274333,0.97944957,0.163845897,-0.117613971,-0.177607208,0.976999938,-0.118012093,0.0955730453,0.13647598,0.986022353),["Ht"]=CFrame.new(0,0,0,1,0,0,0,1,0,0,0,1),["Rm"]=CFrame.new(0.0979037881,-0.412586689,-0.446647227,0.1642759,-0.227636755,0.959789097,0.8874861,0.458816528,-0.0430815518,-0.430559993,0.858876586,0.277396798),["Lg"]=CFrame.new(-0.140352264,0.0364840627,0.137298703,0.898163438,-0.0307990387,0.438581705,0.0999995992,0.985708773,-0.135566741,-0.428138584,0.165619075,0.888407469),["Rg"]=CFrame.new(0.563835502,0.845692754,0.177847981,0.808510065,0.139590487,-0.571687102,-0.129809007,0.989834964,0.0581082366,0.573987246,0.0272290036,0.818411529),["Hd"]=CFrame.new(1.1920929e-07,-4.3772161e-08,0.0182945728,0.985888362,-0.126859099,0.109229609,0.117479682,0.989130974,0.088422738,-0.119259633,-0.0743426904,0.990075946)},[0.69999998807907]={["Lm"]=CFrame.new(-0.114991941,-0.173791111,-0.104464352,-0.0524916947,0.290801853,-0.955342352,-0.998618126,-0.0177170001,0.0494765826,-0.00253786449,0.956619322,0.29132995),["To"]=CFrame.new(0.146428779,0.0165780094,0.0662124157,0.997918844,0.0508584902,-0.0396403335,-0.0511720926,0.99866575,-0.00693642767,0.0392346643,0.00895047002,0.999190032),["Ht"]=CFrame.new(0,0,0,1,0,0,0,1,0,0,0,1),["Rm"]=CFrame.new(0.0183727015,-0.563618481,0.134757876,-0.106316626,-0.249729857,0.962461412,0.979097903,0.142496437,0.145127878,-0.173389986,0.957773387,0.229360253),["Lg"]=CFrame.new(-0.0470012277,-0.140925765,0.0121525526,0.871314228,0.306550533,0.383194894,-0.305467427,0.949955642,-0.0653749183,-0.384058893,-0.0600914173,0.921351194),["Rg"]=CFrame.new(-0.0829728097,0.20609355,-0.0616295934,0.920058012,0.212261349,-0.329299718,-0.0911470279,0.933423221,0.34700644,0.381032139,-0.289251447,0.878150523),["Hd"]=CFrame.new(8.37026164e-08,-5.58793545e-09,0.0182937384,0.999331951,0.0185730122,0.031476602,-0.0176410936,0.999405324,-0.0296297353,-0.0320082009,0.0290546622,0.99906522)},[0.66666668653488]={["Lm"]=CFrame.new(-0.123545609,-0.213321537,0.0332115889,-0.108486645,0.278337985,-0.954336822,-0.992811203,0.0184924304,0.11825379,0.0505625792,0.960305214,0.274330765),["To"]=CFrame.new(0.120537981,0.0127139129,0.06625247,0.999334097,0.025041353,-0.026539553,-0.0253626537,0.999608219,-0.0118396897,0.0262326729,0.0125049185,0.999577641),["Ht"]=CFrame.new(0,0,0,1,0,0,0,1,0,0,0,1),["Rm"]=CFrame.new(0.000498695299,-0.585369229,0.315947652,-0.138393506,-0.234379634,0.962243974,0.983824909,0.0790439993,0.160750508,-0.113736175,0.96892637,0.21964927),["Lg"]=CFrame.new(-0.0511472449,-0.147268176,0.0139759779,0.839434981,0.400347322,0.367519826,-0.402109683,0.91247052,-0.0755337849,-0.365590811,-0.0843775794,0.926943243),["Rg"]=CFrame.new(-0.128876656,0.160075426,-0.0562328696,0.917649806,0.214391008,-0.334597319,-0.105649628,0.9433043,0.314666688,0.383088857,-0.253403783,0.888273418),["Hd"]=CFrame.new(9.97224561e-08,5.70435077e-09,0.018294096,0.998529851,0.0465389825,0.0277888123,-0.0456938557,0.998495638,-0.0303098876,-0.0291575901,0.028995553,0.99915421)},[0.63333332538605]={["Lm"]=CFrame.new(-0.137573704,-0.253634512,0.148571014,-0.125514731,0.279710114,-0.951844752,-0.988112032,0.0506051444,0.145168036,0.0887732431,0.95875001,0.270033121),["To"]=CFrame.new(0.093138501,0.00201184303,0.0639212132,0.999821782,0.00614249846,-0.0178501923,-0.00659530377,0.999655128,-0.0254198294,0.0176878944,0.0255330279,0.9995175),["Ht"]=CFrame.new(0,0,0,1,0,0,0,1,0,0,0,1),["Rm"]=CFrame.new(-0.00294759776,-0.564715266,0.394791961,-0.114996761,-0.223376676,0.967924893,0.989657819,0.0583501533,0.13104476,-0.0857508257,0.972984195,0.214356288),["Lg"]=CFrame.new(-0.049762629,-0.156737804,0.013297081,0.797797918,0.481094182,0.363410145,-0.483451247,0.870606303,-0.0912117586,-0.360268652,-0.102922514,0.927153528),["Rg"]=CFrame.new(-0.153828561,0.135799527,-0.0469745398,0.911771774,0.208258271,-0.353978395,-0.10821794,0.953263879,0.282093763,0.396183252,-0.218898341,0.891696453),["Hd"]=CFrame.new(9.36124707e-08,-9.69157554e-09,0.018294096,0.997560143,0.0649322048,0.0256455764,-0.06413313,0.997464657,-0.0308409985,-0.0275831278,0.0291210208,0.999195278)},[0.60000002384186]={["Lm"]=CFrame.new(-0.15241164,-0.304731905,0.202500701,-0.116459258,0.285440236,-0.951294482,-0.985781431,0.0835939199,0.145763978,0.121129408,0.954743922,0.271646261),["To"]=CFrame.new(0.0657567456,-0.0117333829,0.0580179691,0.999817014,-0.0188648701,-0.00316681457,0.0187119171,0.998905778,-0.0428615063,0.0039719264,0.0427944101,0.999076009),["Ht"]=CFrame.new(0,0,0,1,0,0,0,1,0,0,0,1),["Rm"]=CFrame.new(-0.00412724912,-0.520393193,0.405718684,-0.0859296694,-0.218296349,0.972091973,0.994829476,0.0342155211,0.0956230685,-0.0541347414,0.975282609,0.214227363),["Lg"]=CFrame.new(-0.0553319529,-0.15435636,0.0156778097,0.765459776,0.541549802,0.347555995,-0.549784958,0.831063509,-0.0840844065,-0.33437705,-0.126717821,0.933881581),["Rg"]=CFrame.new(-0.151680142,0.114483476,-0.0268979073,0.902874589,0.208419755,-0.376003623,-0.123167336,0.963364422,0.238241181,0.411882639,-0.168790594,0.895467699),["Hd"]=CFrame.new(8.54488462e-08,-1.74622983e-09,0.018294096,0.995715022,0.0902433395,0.0201924406,-0.0895782411,0.995474577,-0.0317215584,-0.0229637213,0.0297768302,0.999292791)},[0.56666666269302]={["Lm"]=CFrame.new(-0.163931176,-0.361415684,0.176177859,-0.0967907906,0.288957804,-0.952436388,-0.98324275,0.120767444,0.136560902,0.154483661,0.949694037,0.272426337),["To"]=CFrame.new(0.037810728,-0.0387866497,0.0447297096,0.998117983,-0.0579447635,0.0200729799,0.0591795854,0.995952308,-0.0676533207,-0.0160715729,0.0687139034,0.997507036),["Ht"]=CFrame.new(0,0,0,1,0,0,0,1,0,0,0,1),["Rm"]=CFrame.new(-0.00416539609,-0.466163039,0.366966009,-0.0565284863,-0.216421813,0.974662066,0.998131275,0.0104403803,0.060207881,-0.0232060608,0.976244092,0.215427101),["Lg"]=CFrame.new(-0.344327539,0.185526609,0.126909852,0.846971989,0.432699978,0.308883905,-0.438997388,0.896939874,-0.0527300313,-0.299866557,-0.0909382924,0.949636936),["Rg"]=CFrame.new(-0.13344641,0.0877866745,0.000990509987,0.892232239,0.201045915,-0.404354095,-0.139873594,0.974429309,0.175849214,0.429368258,-0.100339919,0.897538304),["Hd"]=CFrame.new(9.17352736e-08,1.81607902e-08,0.0182942152,0.990831375,0.135087267,-0.00215281779,-0.13510263,0.99077493,-0.010604756,0.000700388104,0.0107984003,0.999941528)},[0.53333336114883]={["Lm"]=CFrame.new(-0.172674194,-0.425844938,0.0901523829,-0.0651266277,0.290061682,-0.95478934,-0.98021698,0.16061835,0.115656354,0.186904237,0.943433106,0.273862779),["To"]=CFrame.new(0.0105026811,-0.0812205672,0.0110282898,0.99344939,-0.102660425,0.0501910336,0.107118547,0.989587069,-0.0961418152,-0.0397984348,0.100888431,0.994101405),["Ht"]=CFrame.new(0,0,0,1,0,0,0,1,0,0,0,1),["Rm"]=CFrame.new(-0.00101959705,-0.402669013,0.254932404,-0.0278119259,-0.218023479,0.975547135,0.999594092,-0.0121056503,0.0257919617,0.00618646154,0.975868523,0.218271509),["Lg"]=CFrame.new(-0.443466604,0.497533202,0.120998144,0.874358416,0.410167217,0.259345829,-0.425827205,0.904792488,0.00466331141,-0.232741475,-0.114513911,0.965773284),["Rg"]=CFrame.new(-0.0733988509,0.0718351603,0.0437823534,0.877682686,0.185554832,-0.441862673,-0.157841101,0.982483447,0.0990583673,0.452503562,-0.0171978213,0.891596794),["Hd"]=CFrame.new(7.82310963e-08,2.51457095e-08,0.0182942152,0.981332362,0.187451184,-0.042998869,-0.185837612,0.981809914,0.038907934,0.0495100655,-0.0301908385,0.998317301)},[0]={["Lm"]=CFrame.new(-0.108992368,-0.102858007,-0.470215499,0.142981261,0.357658237,-0.922841847,-0.979395092,-0.0832367763,-0.184002742,-0.142624438,0.930135727,0.33838734),["To"]=CFrame.new(0.17433399,-0.0930015445,-0.227749825,0.97944957,0.163845897,-0.117613971,-0.177607208,0.976999938,-0.118012093,0.0955730453,0.13647598,0.986022353),["Ht"]=CFrame.new(0,0,0,1,0,0,0,1,0,0,0,1),["Rm"]=CFrame.new(0.0979037657,-0.41258651,-0.446647227,0.1642759,-0.227636755,0.959789097,0.8874861,0.458816528,-0.0430815518,-0.430559993,0.858876586,0.277396798),["Lg"]=CFrame.new(-0.231350228,0.0976914167,0.18914032,0.892390549,-0.0877436399,0.442651331,0.154237062,0.981146514,-0.116458111,-0.424087405,0.172199354,0.88909924),["Rg"]=CFrame.new(0.554745138,0.892917216,0.182090878,0.811267734,0.140991747,-0.567420542,-0.143663883,0.98880589,0.040294081,0.56674993,0.0488284566,0.822441757),["Hd"]=CFrame.new(5.96046448e-08,-1.58324838e-08,0.0182945728,0.985888362,-0.126859099,0.109229609,0.117479682,0.989130974,0.088422738,-0.119259633,-0.0743426904,0.990075946)},[0.16666667163372]={["Lm"]=CFrame.new(0.0687381625,-0.444067061,0.138765216,-0.0813504979,0.377912343,-0.922260582,-0.991434395,0.064177826,0.113750219,0.102176324,0.923614442,0.369454324),["To"]=CFrame.new(0.196600407,0.0237240065,0.04555583,0.997828424,0.0434012078,0.0495458022,-0.0436500981,0.999039054,0.00395200495,-0.0493266694,-0.00610610144,0.998764038),["Ht"]=CFrame.new(0,0,0,1,0,0,0,1,0,0,0,1),["Rm"]=CFrame.new(-0.0978146642,-0.252261639,0.262357831,-0.021010451,-0.267039746,0.963456571,0.980394185,0.183343932,0.0721969083,-0.195923239,0.946083963,0.257951945),["Lg"]=CFrame.new(0.281629801,0.0659475327,-0.0537210107,0.924951911,-0.229872167,0.302692503,0.166465104,0.96094203,0.221087739,-0.341691941,-0.15410769,0.927090883),["Rg"]=CFrame.new(0.0491602197,-0.0232293606,-0.0699904561,0.66999656,-0.349989861,-0.654684484,0.333648175,0.929768145,-0.155595988,0.663161755,-0.114185564,0.739714921),["Hd"]=CFrame.new(1.139706e-07,9.31322575e-10,0.018294096,0.999673843,-0.000117450501,-0.0255419668,-0.000699531462,0.999488473,-0.0319746956,0.0255326591,0.031982135,0.999162257)},[0.33333334326744]={["Lm"]=CFrame.new(-0.106165096,-0.759115338,-0.265506029,0.0774251595,0.351144969,-0.933114529,-0.962155342,0.271582007,0.0223655589,0.261270702,0.896069527,0.358883232),["To"]=CFrame.new(0.0438684821,0.0201796368,-0.0169866085,0.98910749,-0.0992508009,0.108699873,0.0958099142,0.994732201,0.0364458486,-0.111744538,-0.0256343354,0.993406296),["Ht"]=CFrame.new(0,0,0,1,0,0,0,1,0,0,0,1),["Rm"]=CFrame.new(-0.00506359711,-0.108438969,-0.146235585,-0.198420495,-0.232321084,0.952185094,0.978102922,0.0153136868,0.207557753,-0.0628013983,0.972518682,0.224195331),["Lg"]=CFrame.new(-0.508908927,0.193556488,0.090900898,0.76155591,-0.620712459,0.186410025,0.509754002,0.751301587,0.419161946,-0.400229186,-0.224191979,0.888568819),["Rg"]=CFrame.new(0.161581874,-0.0122606754,0.0488358736,0.792789519,-0.0622989945,-0.606303096,0.0222002342,0.997053921,-0.0734208822,0.609091043,0.0447472446,0.791837096),["Hd"]=CFrame.new(9.96515155e-08,4.65661287e-09,0.0182944536,0.981601357,0.156514391,-0.109371863,-0.160397053,0.986666739,-0.0275974702,0.103594191,0.0446326286,0.993617773)},[0.23333333432674]={["Lm"]=CFrame.new(0.134291455,-0.416457236,0.321812391,-0.0820163414,0.386789113,-0.918513775,-0.982878387,0.121185601,0.138795316,0.164995208,0.914170802,0.370227456),["To"]=CFrame.new(0.16779983,0.0399924815,-0.0607862473,0.997462332,-0.00300934678,0.0711338073,0.000117026422,0.999174297,0.0406295247,-0.0711973459,-0.0405180901,0.996638954),["Ht"]=CFrame.new(0,0,0,1,0,0,0,1,0,0,0,1),["Rm"]=CFrame.new(-0.101834632,-0.0651130676,0.223274112,-0.120756969,-0.25606057,0.959088504,0.975084543,0.150517002,0.162956476,-0.186085701,0.954870462,0.231504709),["Lg"]=CFrame.new(0.298744947,0.167929113,-0.0836386085,0.916506886,-0.311099052,0.251460791,0.228427291,0.923074722,0.309441596,-0.328384191,-0.226164863,0.917067885),["Rg"]=CFrame.new(-0.0468730032,-0.127371669,-0.15979439,0.66221422,-0.370730907,-0.651176631,0.367787421,0.917960644,-0.148595959,0.652843654,-0.141092315,0.744236708),["Hd"]=CFrame.new(5.21704351e-08,-1.34459697e-08,0.0182942152,0.997611701,0.0412576385,-0.0553973094,-0.0435313657,0.99823153,-0.0404845253,0.0536290519,0.0427993536,0.997643292)},[0.46666666865349]={["Lm"]=CFrame.new(-0.172891349,-0.617605567,-0.196714163,0.00177039555,0.285133243,-0.958486319,-0.972357392,0.224289417,0.0649262294,0.233490989,0.931876302,0.277648449),["To"]=CFrame.new(-0.032271862,-0.122503266,-0.151107073,0.983974397,-0.139143139,0.111506015,0.150592431,0.98333776,-0.101828054,-0.0954793841,0.11698816,0.98853308),["Ht"]=CFrame.new(0,0,0,1,0,0,0,1,0,0,0,1),["Rm"]=CFrame.new(0.0236334801,-0.334226072,-0.0417976379,-0.0558193214,-0.215468273,0.974914193,0.997348189,-0.0577022731,0.0443508402,0.0466986299,0.97480458,0.218117684),["Lg"]=CFrame.new(-0.512826443,0.945672154,0.0114513636,0.939723194,0.24250719,0.24106124,-0.281578898,0.948794484,0.143186539,-0.193993911,-0.202433482,0.959889054),["Rg"]=CFrame.new(0.148683846,0.140234053,0.170059085,0.866411805,0.152595818,-0.475442261,-0.199697435,0.978589833,-0.0498304181,0.457659006,0.138118178,0.878334582),["Hd"]=CFrame.new(9.68575478e-08,2.04890966e-08,0.0182943344,0.971306741,0.208252206,-0.114865929,-0.202333704,0.977408171,0.0611090921,0.124997012,-0.0361144096,0.991499662)},[0.26666668057442]={["Lm"]=CFrame.new(0.0566830486,-0.530627429,0.171003103,0.00189481326,0.388903201,-0.921276808,-0.976551771,0.199047893,0.0820165873,0.215274796,0.899519026,0.380161107),["To"]=CFrame.new(0.143786579,0.0511639193,-0.0441339016,0.996264338,-0.0332992487,0.0796775967,0.0290043447,0.998094261,0.0544669256,-0.0813394636,-0.0519524589,0.995331526),["Ht"]=CFrame.new(0,0,0,1,0,0,0,1,0,0,0,1),["Rm"]=CFrame.new(-0.0878142118,0.00979244709,0.109150648,-0.151789576,-0.260792643,0.95338726,0.966470838,0.162951142,0.198446751,-0.207108796,0.951543033,0.227314204),["Lg"]=CFrame.new(0.0714760944,0.118017256,-0.0175221562,0.870678782,-0.437953264,0.223864838,0.347575217,0.869892478,0.349969506,-0.348008633,-0.226901099,0.909618556),["Rg"]=CFrame.new(-0.0421013832,-0.100871086,-0.153826773,0.698485315,-0.298143446,-0.65056026,0.306660444,0.946084261,-0.104326881,0.64658916,-0.126630425,0.752254725),["Hd"]=CFrame.new(7.52042979e-08,1.02445483e-08,0.0182943344,0.994596124,0.0805115402,-0.0655478984,-0.0832735971,0.995701313,-0.0405527651,0.0620011538,0.0457920432,0.997025132)},[0.30000001192093]={["Lm"]=CFrame.new(-0.0571400598,-0.687708795,-0.0793336034,0.0628318563,0.378703684,-0.923382819,-0.965518057,0.257273465,0.0398157127,0.252640307,0.889041007,0.381810129),["To"]=CFrame.new(0.104209587,0.0558667332,-0.0207858086,0.993913293,-0.0640402585,0.0896392912,0.058784388,0.996460259,0.0600961111,-0.0931705534,-0.054460939,0.994159579),["Ht"]=CFrame.new(0,0,0,1,0,0,0,1,0,0,0,1),["Rm"]=CFrame.new(-0.0503240488,-0.0163458288,-0.0162605643,-0.18210122,-0.254525393,0.949766338,0.969830096,0.112721667,0.216156065,-0.162076339,0.960474193,0.226319581),["Lg"]=CFrame.new(-0.183440179,0.0995919704,0.0453429222,0.805817664,-0.557700396,0.199068129,0.451944441,0.79643178,0.401799202,-0.382627815,-0.233809143,0.893828392),["Rg"]=CFrame.new(0.0192896314,-0.063616991,-0.101065338,0.748198926,-0.196310103,-0.633766949,0.201231107,0.977373004,-0.0651773587,0.632221758,-0.0787680894,0.770773232),["Hd"]=CFrame.new(9.31322575e-08,-3.44589353e-08,0.0182942152,0.989803612,0.117682397,-0.08024849,-0.121150769,0.991835952,-0.0397989675,0.0749097168,0.0491153225,0.995980024)},[0.5]={["Lm"]=CFrame.new(-0.175157815,-0.503046155,-0.0248015523,-0.0325629376,0.288643837,-0.956882656,-0.976645768,0.194243208,0.0918290168,0.212373868,0.93752569,0.275577605),["To"]=CFrame.new(-0.0128526241,-0.108258039,-0.0437743664,0.988290668,-0.129734263,0.0803154632,0.137862414,0.984799802,-0.105656676,-0.0653873533,0.115491979,0.991154015),["Ht"]=CFrame.new(0,0,0,1,0,0,0,1,0,0,0,1),["Rm"]=CFrame.new(0.00611542165,-0.358424604,0.125253081,-0.0172603074,-0.219280109,0.975509226,0.999708533,-0.0202556923,0.0131352684,0.0168794021,0.975451648,0.219565734),["Lg"]=CFrame.new(-0.477383912,0.720111251,0.068926096,0.895011365,0.376593828,0.239022344,-0.404790372,0.910847843,0.0806294158,-0.187348545,-0.168918118,0.967660666),["Rg"]=CFrame.new(0.0232128799,0.0831667185,0.0970612764,0.868522286,0.16782172,-0.466374248,-0.176425412,0.983983099,0.0255252905,0.463188142,0.0601109937,0.884219229),["Hd"]=CFrame.new(6.33299351e-08,-3.25962901e-08,0.0182945728,0.974725068,0.209166482,-0.0784891397,-0.204409376,0.97675848,0.0644960403,0.0901553482,-0.0468219779,0.994826555)}}counter={0,0.033333335071802,0.066666670143604,0.10000000149012,0.13333334028721,0.16666667163372,0.20000000298023,0.23333333432674,0.26666668057442,0.30000001192093,0.33333334326744,0.36666667461395,0.40000000596046,0.43333333730698,0.46666666865349,0.5,0.53333336114883,0.56666666269302,0.60000002384186,0.63333332538605,0.66666668653488,0.69999998807907,0.73333334922791,0.76666665077209,0.80000001192093}count=0;char=game.Players.LocalPlayer.Character;hhhh=game.Players.LocalPlayer.Character.Humanoid.Animator;for a,b in pairs(char.Humanoid:GetPlayingAnimationTracks())do b:Stop()end;local c=Instance.new("Sound",game.Players.LocalPlayer.Character.Head)c.SoundId="rbxassetid://2466665050"c.Looped=true;wait(.01)c:Play()while wait()do for d,b in pairs(counter)do b=anim[b]if b["Lg"]then char.Torso["Left Hip"].Transform=b["Lg"]end;if b["Rg"]then char.Torso["Right Hip"].Transform=b["Rg"]end;if b["Lm"]then char.Torso["Left Shoulder"].Transform=b["Lm"]end;if b["Rm"]then char.Torso["Right Shoulder"].Transform=b["Rm"]end;if b["To"]then char.HumanoidRootPart["RootJoint"].Transform=b["To"]end;if b["Hd"]then char.Torso["Neck"].Transform=b["Hd"]end;game.RunService.RenderStepped:wait()end end
